3217
3218
3891
3575
4845
4846
5209
5210
5142
5143
4848
4847
5273
5274
5667
5666
2908
5211
5212
4935
4934
2854
5668
5669
5144
5145
4849
4850
5214
5213
4936
4937
5670
5671
5146
5147
4851
4852
5675
5674
5673
2858
5148
5149
4854
4853
4509
4510
4592
4591
3064
4566
4565
5279
5278
3073
4521
4522
5225
5226
3081
4569
4570
5672
5227
5228
4524
4523
5563
5564
5566
5565
5568
5567
5570
5569
1820
1821
5264
5263
4617
5657
5658
5659
3063
3062
5265
5266
5660
5661
5662
5281
5280
3069
3070
5267
5268
5663
5664
5665
5271
5272
5270
5269
5694
5695
